0000000000000000000000000000000000000000000000000000000000000000
0                                                             00
0                                                             00
0                                                             00
0                                                             W0
0                                                             W0
0                                                             W0
0                                                             W0
0                                                             W0
0                          0000000                            W0
0                     0                                    00000
0                                     0    0    0     0        0
0                                     XXXXXXXXXXXXXXXXXXXXXXXXX0
0                                                              0
0   000000000                                                  0
0                                                              0
0                                                              0
0                                                              0
0                                                              0
0                                                              0
0                00000                                         0
0                                                              0
0                                                              0
0                                                              0
0                                                              0
0                        0     0       0       0              X0
0            0                                                X0
0                                                             X0
0                                                             X0
0                                                             X0
0                                                       00000000
0                                                              0
0                                                              0
0                    000000                                    0
0                                                              0
0            0                                    0000         0
0                                                              0
0                                                              0
0                                                              0
0                                                              0
0                                     00000                    0
000000000                                                      0
0                                                              0
0                                                              0
0                                                              0
0                                 0                            0
0                                                              0
0             00000000                                         0
0                                                              0
0                                                              0
0                                                              0
0                                                              0
0                                                              0
0                                                              0
0                          000000                              0
0                               X                              0
0                               X                              0
0                               X                              0
0                               X      00                      0
0                                                              0
0                                                              0
0                                                              0
0                                                 00000000000000
0                                                              0
0                                                              0
0                                                              0
0000000                                                        0
0                                                              0
0                                                              0
0                                           0                  0
0                                                              0
0    00        0         0                                     0
0    00                                                        0
0    000                                                       0
0                                                              0
0                                 00000000                     0
0                                                              0
0                                                              0
0000000                                                        0
0000000                                                        0
0000000                                                        0
0000000                                                        0
0000000                     0000                               0
0000000                                                        0
0000000                                                        0
00000000                                                       0
0000000                               00000                    0
0000000                                                        0
0000000                                                        0
0                                                              0
0                                                 0000         0
0             00                                  xxxx         0
0                                                              0
0                                                             00
0                             00                    X          0
0                                                              0
0                                                   X          0
0                                                              0
0                 00                                X          0
0                                        0000000000 X 0        0
0                     0                                        0
0                                                              0
0                                                              0
0                             000                             00
0                                                              0
0                    xxx                                       0
0                                                              0
0                                     0000000000               0
0                                   000                        0
0 XXXXXXXXXXXXXX                                          000000
0                                                              0
0                                                              0
0                                                              0
0                                                              0
0                                                 000000       0
0                      000000                                  0
0                                                              0
0                                             0                0
0                                                              0
0                                                              0
0                                   0000                      00
0                                        XXXXXXX               0
0                                                              0
0                                                              0
0                                                              0
000000000                                                      0
0000000000000000000000000000000000000000000000000000000000000000
0000000000000000000000000000000000000000000000000000000000000000