0000000000000000000000000000000000000000000000000000000000000000
0                                                           XX00
0                                                             00
0                                                             00
0                                                             W0
0                                                             W0
0                                                             W0
0                                                             W0
0                                                             W0
0                          0000000                            W0
0                     0                                    00000
0                                     0    0    0     0    00000
0                                     XXXXXXXXXXXXXXXXXXXXXXXXX0
0                                       X            X    XXXXX0
0   000000000                                                XX0
0                                                             X0
0                                                              0
0                                                              0
0                                                              0
0                                                              0
0                00000                                         0
0      X                                                       0
0      X                                                       0
0      X                                                       0
0      X                                                       0
0                        0     0       0       0              x0
0            0                                                x0
0                                                             x0
0                                                             x0
0                                                             x0
0                                                       00000000
0                                                              0
0                                                              0
0                    000000                                    0
0                                                              0
0            0                                    0000         0
0                                                              0
0                                                              0
0                                                              0
0                                                              0
0                                     00000                    0
000000000                                                      0
0                                                              0
0                                                              0
0                                                              0
0                                 0                            0
0                                                              0
0             00000000                                         0
0                                                              0
0                                                              0
0                                                              0
0                                                              0
0                                                              0
0                                                              0
0                          000000                              0
0                               X                              0
0                 0     000     X                              0
0                               X                              0
0                               X      00                      0
0                                                              0
0          0                                                   0
0                                                              0
0                                                 00000000000000
0                                                              0
0                                                              0
0                                                              0
00000000                              0                        0
0                                                              0
0                                                              0
0                                           000000             0
0                                                              0
0              0         0                                     0
0                                                              0
0                                                              0
0                                                            000
0                                                              0
0                                                              0
0                                                              0
0000000                                                        0
0000000                                                        0
0000000                                                        0
0000000                                     00000000000000000000
0000000                     0000                 000000000000000
0000000                                          000000000000000
0000000              0                                         0
00000000                                                       0
0000000X                                                       0
0000000X                                                       0
0000000X                                                       0
0XXXXXXX                                                       0
0X                                                             0
0             00                                              00
0                                                              0
0                     0   X                   000              0
0                        XX                   000000           0
0                        XX                   000              0
0                        XX                   000              0
0                        XX    0              000              0
0          00            XX                   000              0
0                        XX              00000000              0
0                                             000             00
0                                             000              0
0                                             000              0
00                                            000              0
0                                             00000            0
0                                             0000             0
0                                             0000             0
0           00000                  000        0000             0
0                                             0000            00
0                                             0000            X0
0                                             0000             0
000                     0    0                0000             0
00                                            0000             0
00      XXXXXXXXXXXXXXXXXXXXXXXXXXXXXXXXXXXXXX0000             0
00      00000000000000000000000000000000000000000000           0
00      000000000000000000000000000000000000000000             0
0X                   X               X          00             0
0X                   X               X          00             0
0                                                              0
0                                                              0
0                                                             00
0                                                              0
0                                                              0
0                                                              0
0                                                              0
0000000      X              X              X                   0
0000000000000000000000000000000000000000000000000000000000000000
0000000000000000000000000000000000000000000000000000000000000000